연도,6개 지점,45개 지점,강수 시나리오 RCP2.6,강수 시나리오 RCP4.5,강수 시나리오 RCP6.0,강수 시나리오 RCP8.5,
1912,-297.5,,,,,,
1913,-485.3,,,,,,
1914,-104.8,,,,,,
1915,-36.1,,,,,,
1916,322.9,,,,,,
1917,-485.8,,,,,,
1918,-130.5,,,,,,
1919,-200.7,,,,,,
1920,-26.4,,,,,,
1921,-213.0,,,,,,
1923,-84.6,,,,,,
1924,-388.2,,,,,,
1925,246.0,,,,,,
1926,108.0,,,,,,
1927,-239.3,,,,,,
1928,-299.2,,,,,,
1929,-416.8,,,,,,
1930,151.9,,,,,,
1931,1.1,,,,,,
1932,-471.9,,,,,,
1933,193.1,,,,,,
1934,49.8,,,,,,
1935,-231.7,,,,,,
1936,237.1,,,,,,
1937,-311.9,,,,,,
1938,-279.6,,,,,,
1939,-604.3,,,,,,
1940,149.2,,,,,,
1941,-97.2,,,,,,
1942,-377.0,,,,,,
1943,-520.2,,,,,,
1944,-381.2,,,,,,
1945,37.9,,,,,,
1946,-8.1,,,,,,
1947,-121.6,,,,,,
1948,114.1,,,,,,
1949,-442.2,,,,,,
1954,208.5,,,,,,
1955,-301.9,,,,,,
1956,247.4,,,,,,
1957,-84.5,,,,,,
1958,26.0,,,,,,
1959,-43.3,,,,,,
1960,-173.1,,,,,,
1961,167.7,,,,,,
1962,-225.2,,,,,,
1963,128.6,,,,,,
1964,-17.1,,,,,,
1965,-191.8,,,,,,
1966,-24.7,,,,,,
1967,-308.3,,,,,,
1968,-274.6,,,,,,
1969,175.9,,,,,,
1970,209.8,,,,,,
1971,-192.6,,,,,,
1972,343.9,,,,,,
1973,-404.6,-293.0,,,,,
1974,1.8,34.8,,,,,
1975,-102.4,-16.0,,,,,
1976,-279.1,-256.0,,,,,
1977,-310.8,-337.9,,,,,
1978,-147.9,-96.6,,,,,
1979,-90.7,51.6,,,,,
1980,45.5,128.4,,,,,
1981,-78.3,-48.2,,,,,
1982,-364.7,-355.6,,,,,
1983,-137.5,-137.4,,,,,
1984,-65.1,-43.2,,,,,
1985,319.9,315.7,,,,,
1986,-150.4,-98.8,,,,,
1987,123.0,194.7,,,,,
1988,-468.9,-459.2,,,,,
1989,138.3,140.4,,,,,
1990,337.5,255.7,,,,,
1991,79.0,3.0,,,,,
1992,-171.4,-224.9,,,,,
1993,8.3,72.0,,,,,
1994,-399.5,-395.1,,,,,
1995,-277.0,-254.2,,,,,
1996,-201.6,-244.2,,,,,
1997,-51.3,40.3,,,,,
1998,475.8,431.2,,,,,
1999,407.3,317.7,,,,,
2000,-154.8,-18.0,,,,,
2001,-208.8,-310.4,,,,,
2002,188.3,162.9,,,,,
2003,612.9,553.3,,,,,
2004,101.1,149.2,,,,,
2005,-84.7,-21.3,,,,,
2006,147.7,116.6,,,,,
2007,-86.9,142.4,,,,,
2008,-195.0,-319.0,,,,,
2009,-12.3,-102.8,,,,,
2010,168.3,137.2,,,,,
2011,261.6,314.9,,,,,
2012,206.2,171.4,,,,,
2013,-194.7,-144.8,,,,,
2014,-176.3,-133.9,,,,,
2015,-343.0,-358.7,,,,,
2016,-66.1,-35.2,,,,,
2017,-358.7,-339.9,,,,,
2018,93.5,79.2,297.7,-43.9,-27.8,125.9,
2019,-91.3,-123.4,75.1,86.7,96.8,6.6,
2020,305.6,280.3,42.8,-73.6,-197.5,275.6,
2021,,,353.6,54.6,-212.0,148.9,
2022,,,-128.9,-44.9,-124.4,22.5,
2023,,,-91.1,-55.8,-68.8,-49.8,
2024,,,140.9,5.9,-117.1,-326.9,
2025,,,140.2,-79.6,240.2,-12.5,
2026,,,-34.0,-225.7,-94.1,25.2,
2027,,,8.0,107.4,-115.0,74.0,
2028,,,-10.2,82.0,-258.3,88.5,
2029,,,22.4,-12.7,147.1,-51.3,
2030,,,-86.5,-39.4,141.1,-113.6,
2031,,,231.3,149.5,377.5,57.8,
2032,,,273.6,-267.7,388.4,182.6,
2033,,,81.1,-258.4,-6.6,-36.5,
2034,,,139.5,-234.0,-72.8,-38.9,
2035,,,22.8,-281.3,-150.2,-2.6,
2036,,,157.8,2.4,-96.2,-64.9,
2037,,,229.5,-197.2,25.2,101.1,
2038,,,83.4,-101.1,-51.3,-190.7,
2039,,,234.3,194.4,52.3,-232.0,
2040,,,-211.2,163.2,-12.4,245.9,
2041,,,49.6,-2.9,153.2,88.2,
2042,,,-71.9,352.5,-22.9,-187.2,
2043,,,20.9,249.9,82.0,-42.2,
2044,,,188.0,114.4,195.3,91.4,
2045,,,203.8,163.1,37.0,229.7,
2046,,,1.9,-20.3,-256.8,-147.7,
2047,,,138.4,102.2,383.2,22.5,
2048,,,-40.7,55.2,-73.8,-70.3,
2049,,,-140.4,141.2,-215.7,-83.0,
2050,,,-66.8,104.3,126.8,384.5,
2051,,,-68.6,49.0,-53.0,236.8,
2052,,,-18.8,76.7,53.6,-92.4,
2053,,,-14.9,234.7,-86.4,-6.4,
2054,,,348.1,14.4,90.4,-175.6,
2055,,,325.3,299.0,-114.3,208.1,
2056,,,100.5,50.4,-113.9,53.5,
2057,,,68.9,141.3,-165.0,138.4,
2058,,,-85.1,19.1,209.6,105.5,
2059,,,14.3,0.9,-166.9,15.0,
2060,,,103.6,120.7,-25.6,14.4,
2061,,,143.3,556.6,87.3,138.5,
2062,,,233.4,530.6,241.3,68.2,
2063,,,315.1,-7.8,-102.3,81.4,
2064,,,99.9,441.0,382.9,-71.3,
2065,,,14.0,114.4,151.5,99.8,
2066,,,-83.6,300.3,212.0,32.4,
2067,,,-86.5,192.2,-291.5,15.9,
2068,,,336.1,186.9,276.7,-114.5,
2069,,,27.5,-96.8,-148.8,-55.0,
2070,,,163.1,58.9,-156.6,326.1,
2071,,,291.2,-27.4,257.1,-29.2,
2072,,,360.4,342.8,-107.8,188.4,
2073,,,62.5,139.3,239.7,293.2,
2074,,,297.4,-168.2,98.9,-8.1,
2075,,,124.3,52.1,353.5,21.5,
2076,,,116.0,-212.2,11.8,270.9,
2077,,,-198.3,346.1,211.1,131.6,
2078,,,-24.1,19.4,35.0,209.7,
2079,,,-127.8,231.4,35.9,-70.6,
2080,,,45.7,214.8,-358.9,283.6,
2081,,,35.7,304.0,295.9,314.1,
2082,,,315.6,-162.4,-224.2,228.3,
2083,,,-122.7,-57.3,26.0,-89.0,
2084,,,63.2,373.7,228.5,224.4,
2085,,,-212.7,257.5,349.4,55.6,
2086,,,192.9,8.8,147.9,140.0,
2087,,,-165.8,146.5,190.9,-163.3,
2088,,,-5.0,370.0,146.2,388.3,
2089,,,198.5,-26.4,68.7,-192.6,
2090,,,52.5,-3.4,-70.9,408.9,
2091,,,135.1,273.4,120.4,-40.1,
2092,,,-53.5,-113.2,19.4,360.2,
2093,,,-86.1,-148.3,79.1,413.8,
2094,,,133.8,-360.3,111.4,362.2,
2095,,,287.4,-90.0,-352.5,259.4,
2096,,,244.9,-73.8,453.7,33.1,
2097,,,194.1,-130.0,-92.9,302.3,
2098,,,-95.0,-10.2,94.2,31.6,
2099,,,161.8,-188.6,-91.0,31.8,
2100,,,-62.9,258.6,14.5,214.5,
